2133
1584
1565
2168
3897
4095
4095
3920
3056
1542
1644
2145
3008
4095
4095
3969
3011
2189
1603
2237
2999
3906
4095
4016
3017
2129
1600
2175
3020
3888
4095
3937
3063
2198
1600
1557
3006
3888
4095
4095
3085
2160
1614
1552
2171
4007
4095
4095
3824
2160
1516
1595
2178
2975
4095
4095
3932
3071
1631
1638
2201
2971
3945
4095
3955
2989
2093
1584
2119
3040
3858
4095
4006
3012
2149
1616
1937
3019
3965
4095
4095
3011
2194
1627
1524
3002
3958
4095
4095
3965
2151
1587
1619
2127
3869
4095
4095
3914
3032
1600
1557
2243
3003
4095
4095
3824
3098
2151
1524
2301
3040
3874
4095
3885
3088
2144
1579
2147
3030
3722
4095
3947
2993
2209
1600
1603
3029
3883
4095
4095
3007
2174
1613
1545
2070
3942
4095
4095
4010
2108
1612
1616
2247
3039
4095
4095
3923
3027
1626
1586
2193
3001
3923
4095
3868
3023
2114
1579
2279
2998
3920
4095
3818
2982
2121
1551
2123
2971
3931
4095
4095
3006
2114
1562
1612
3047
3921
4095
4095
4050
2122
1533
1535
2081
3888
4095
4095
3887
2993
1599
1554
2064
3011
4095
4095
3891
3013
2101
1702
2230
3052
3939
4095
3914
3046
2135
1545
2256
3029
3959
4095
3954
3054
2116
1563
1535
2999
3887
4095
4095
3050
2111
1601
1563
2110
3904
4095
4095
3987
2113
1529
1565
2142
3007
4095
4095
3940
3056
1552
1586
2167
3024
3952
4095
3897
3047
2141
1567
2149
2991
3902
4095
3867
2993
2163
1641