2913
3152
3330
3295
2671
3137
3408
3167
2921
3107
3309
3311
2987
3136
3326
3182
2922
2821
3307
3280
2976
2896
3333
2987
2973
2864
3097
3184
2972
2894
3117
3191
2975
2992
3150
3366
2917
2901
3102
3358
2952
2913
3104
3366
3269
2883
3111
3349
3280
2870
3142
3340
3328
3006
3079
3366
3248
2966
3235
3283
3206
2944
2847
3341
3107
2943
2853
3298
3044
2943
2928
3119
3287
2927
2883
3118
3289
2962
2901
3085
3309
2967
2887
3124
3280
2958
2841
3089
3328
3126
2788
2982
3274
3194
2911
3093
3273
3249
2849
3102
3327
3215
2902
3077
3343
3238
2904
2863
3343
3168
2899
2861
3345
3217
2981
2919
3216
3192
3011
2897
3119
3312
2923
2915
3081
3321
2933
2918
3105
3359
2907
2854
3099
3266
3293
2907
3071
3314
3316
2899
2976
3344
3284
2866
3061
3275
3186
3025
2999
3343
3389
2837
2851
3329
3200
3018
2883
3339
3147
2727
2947
3096
3180
2970
2842
3216
3199
2898
2910
3143
3297
2914
2878
3125
3350
3054
2845
3091
3347
3238
2930
3062
3317
3238
2852
3088
3323
3243
2970
3056
3313
3363
2954
3099
3361
3166
3034
2855
3310
3107
2811
2869
3350
3162
3003
2871
3179
3365
2809
2882
3149
3205
2956
2896
3062
3329
2965
2883
3144
3312
2903
2881
2979
3307
3126
2942
3094
3374
3139
2902
3120
3284
3179
2925
3133
3282
3214
2923
3097
3310
3210
2955
2881
3283
3195
2987
2923
3346
3168
2849
2855
3088
3237
3011
2854
3216