3212
3191
2974
3301
3264
3162
2979
3277
2924
3141
2941
3300
2933
3203
2935
3322
2958
3200
3014
3258
2989
3157
2915
3249
2960
3251
3159
3323
2986
3216
3174
3296
2944
3152
3191
3019
2946
3220
3184
2939
2978
3180
3167
2960
3349
3167
3182
2959
3259
3184
3087
2919
3331
2994
3120
2975
3286
2992
3155
2957
3327
2998
3200
2930
3294
2927
3205
2902
3249
2912
3088
3167
3276
2911
3159
3200
3131
2903
3109
3146
2945
3096
3145
3180
3006
2967
3217
3187
2946
3312
3137
3179
2971
3295
3152
3181
2833
3282
2963
3136
2963
3255
2914
3134
2938
3280
2919
3151
2997
3297
2939
3197
2934
3266
2958
3135
3186
3321
3088
3183
3140
3303
2866
3191
3146
2980
2994
3189
3231
2948
2976
3127
3216
2977
3285
3171
3171
2958
3292
3152
3191
2930
3278
2949
3195
2951
3291
2949
3130
2902
3312
2931
3209
2899
3299
2996
3205
2902
3279
2987
3134
3184
3246
2933
3179
3136
3312
2960
3175
3167
2960
2967
3200
3162
2941
2957
3154
3153
2960
3315
3125
3147
2983
3311
3157
3137
2917
3327
2985
3152
2965
3283
2955
3247
2934
3310
2985
3218
2946
3269
2928
3133
2994
3315
2981
3123
3211
3285
2945
3277
3206
3315
2957
3105
3224
2928
2971
3139
3197
2895
2927
3188
3209
2951
3303
3184
3120
2927
3311
3170
3185
2941
3267
2928
3138
2983
3301
3011
3136
2912
3265
2947
3175
2915
3296
2981
3175
2966
3262
3021
3186
3209
3270
3015
3122
3180