4095
1616
4095
1571
1616
4095
1511
4095
1650
1641
4095
1618
4095
4095
1744
4095
1666
4095
4095
1644
4095
1706
1761
4095
1712
4095
1761
1743
4095
1747
4095
4095
1803
4095
1721
4095
4095
1829
4095
1680
1835
4095
1794
4095
1843
1882
4095
1904
4095
4095
2110
4095
1898
4095
4095
2000
4095
1968
1903
4095
2010
4095
1927
2097
4095
2000
4095
4095
1975
4095
1991
4095
4095
2029
4095
1990
2014
4095
2109
4089
1934
2061
4068
2222
4095
4095
2042
4095
2032
4048
4095
2058
4095
2018
2098
3992
2090
4051
2133
2024
4038
2115
4095
4064
2089
4038
2160
4095
4095
2161
4082
2079
2106
4061
2042
4095
2070
2167
4080
2143
4095
4095
2131
4026
2141
4075
4066
2035
4085
2160
2125
3979
2047
4042
2000
2061
4033
2144
4032
4080
2096
4095
2096
4095
4095
2192
4045
1827
2074
4095
2065
4094
2039
2081
4082
2032
4061
4095
2133
4065
2112
4095
4069
2112
4095
2096
2181
4095
2043
4095
2009
2128
4070
2026
4095
4084
2046
4059
2145
4095
4095
2069
4095
1963
2059
4095
2198
4068
2003
2091
4095
1954
4081
4095
2063
4095
2023
4095
4095
2029
4095
2058
1964
4095
1991
4095
2020
2145
4095
2050
4095
4095
2029
4095
1901
4095
4095
2020
4095
2032
1978
4095
2016
4095
2000
1935
4095
1973
4095
4095
1975
4095
1972
4095
4095
1941
4095
1958
1845
4095
1815
4095
1874
1842
4095
1874
4095
4095
1702
4095
1853
4095
4095
1812
4095
1809