3399
3438
3303
3182
2887
2821
2945
3063
3269
3371
3325
3245
3008
2838
2911
3031
3311
3402
3430
3377
2981
2891
2851
3001
3301
3401
3482
3155
2971
2943
2816
3101
3343
3440
3461
3360
3010
2890
2851
2919
3327
3425
3456
3391
3086
2832
2807
2895
3161
3407
3462
3377
3232
3002
2800
2927
3115
3314
3469
3375
3203
2989
2803
2948
3108
3243
3419
3397
3234
2987
2865
2832
3095
3303
3430
3439
3221
2998
2821
2837
2889
3287
3442
3468
3398
3017
2831
2837
2838
3069
3446
3479
3341
3262
2878
2781
2838
3024
3308
3427
3396
3218
2992
2796
2877
3005
3279
3398
3407
3244
3044
2850
2935
3055
3326
3379
3472
3265
3024
2747
2834
3088
3247
3425
3454
3405
2967
2878
2790
2896
3282
3462
3630
3364
3238
2906
2833
2887
3070
3391
3457
3361
3212
3027
2871
2943
3071
3244
3450
3362
3205
3021
2876
2953
3050
3322
3463
3408
3084
2989
3018
2821
3126
3249
3409
3536
3078
3035
3024
2823
2891
3262
3454
3498
3341
2992
2842
2839
2861
3049
3453
3482
3367
3137
2787
2791
3056
3098
3340
3475
3331
3233
3024
2790
2943
3137
3248
3415
3318
2971
3024
2839
2883
3248
3277
3463
3362
3136
2958
2919
2819
3159
3306
3434
3451
3370
2936
2823
2859
2874
3323
3454
3407
3371
3170
2833
2769
2879
3024
3440
3403
3334
3200
3050
2864
2902
3161
3280
3442
3387
3264
3024
2874
2877
3020
3259
3435
3353
3232
3039
2893
2806
3024
3245
3363
3442